<!-- 1.1 Маленький салют -->
            <Transform translation="-5 16 15">
              <Shape>
                <Appearance>
                  <Material emissiveColor="1 1 1"></Material>
                </Appearance>
                <PointSet>
                  <Coordinate point="-1.5 0 0,

                                   -1 -1 0,
                                   -1 -0.5 -0.5, -1 -0.5 0,
                                   -1 -0.5 0.5,
                                   -1 0 -1, -1 0 -0.5, -1 0 0, -1 0 0.5, -1 0 1,
                                   -1 0.5 -0.5, -1 0.5 0,
                                   -1 0.5 0.5, 
                                   -1 1 0,
                                   
                                   -0.5 -1 -0.5, -0.5 -1 0, -0.5 -0.5 -1, -0.5 -0.5 -0.5, -0.5 -0.5 0,
                                   -0.5 -1 0.5, -0.5 -0.5 1, -0.5 -0.5 0.5,
                                   -0.5 0 -1, -0.5 0 -0.5, -0.5 0 0, -0.5 0 0.5, -0.5 0 1,
                                   -0.5 1 -0.5, -0.5 1 0, -0.5 0.5 -1, -0.5 0.5 -0.5, -0.5 0.5 0,
                                   -0.5 1 0.5, -0.5 0.5 1, -0.5 0.5 0.5, 
                                   
                                   0 -1.5 0,
                                   0 -1 -0.5, 0 -1 0, 0 -0.5 -1, 0 -0.5 -0.5, 0 -0.5 0,
                                   0 -1 0.5, 0 -0.5 1, 0 -0.5 0.5,
                                   0 0 -1.5, 0 0 -1, 0 0 -0.5, 0 0 0, 0 0 0.5, 0 0 1, 0 0 1.5,
                                   0 1 -0.5, 0 1 0, 0 0.5 -1, 0 0.5 -0.5, 0 0.5 0,
                                   0 1 0.5, 0 0.5 1, 0 0.5 0.5,
                                   0 1.5 0,

                                   0.5 -1 -0.5, 0.5 -1 0, 0.5 -0.5 -1, 0.5 -0.5 -0.5, 0.5 -0.5 0,
                                   0.5 -1 0.5, 0.5 -0.5 1, 0.5 -0.5 0.5,
                                   0.5 0 -1, 0.5 0 -0.5, 0.5 0 0, 0.5 0 0.5, 0.5 0 1,
                                   0.5 1 -0.5, 0.5 1 0, 0.5 0.5 -1, 0.5 0.5 -0.5, 0.5 0.5 0,
                                   0.5 1 0.5, 0.5 0.5 1, 0.5 0.5 0.5, 

                                   1 -1 0,
                                   1 -0.5 -0.5, 1 -0.5 0,
                                   1 -0.5 0.5,
                                   1 0 -1, 1 0 -0.5, 1 0 0, 1 0 0.5, 1 0 1,
                                   1 0.5 -0.5, 1 0.5 0,
                                   1 0.5 0.5,
                                   1 1 0,

                                   1.5 0 0
                                   "></Coordinate>
                </PointSet>
              </Shape>
            </Transform>